  0.7500    0.156209997439563D+03    0.512000000000000D-03    0.800000000000000D-01    0.674392147631404D-10   -0.114730617500754D-15
  0.7500    0.139688633038946D+03    0.605426120329700D-03    0.845967576367142D-01    0.117681972835759D-09   -0.265434800031501D-15
  0.7500    0.125654867065388D+03    0.709577509348269D-03    0.891935152734283D-01    0.199360169198248D-09   -0.587426551375432D-15
  0.7500    0.113633187962247D+03    0.825036948974642D-03    0.937902729101425D-01    0.328844742634337D-09   -0.124910768862263D-14
  0.7500    0.103256502723502D+03    0.952387221127757D-03    0.983870305468566D-01    0.529511016115253D-09   -0.256184056089357D-14
  0.7500    0.942377712108121D+02    0.109221110772655D-02    0.102983788183571D+00    0.834154718090511D-09   -0.508438324113941D-14
  0.7500    0.863499357481794D+02    0.124509139068996D-02    0.107580545820285D+00    0.128806136037076D-08   -0.979262160848373D-14
  0.7500    0.794114850963061D+02    0.141161085193692D-02    0.112177303456999D+00    0.195286165881914D-08   -0.183492636610042D-13
  0.7500    0.732759150142393D+02    0.159235227338638D-02    0.116774061093713D+00    0.291132452338120D-08   -0.335236082476971D-13
  0.7500    0.678239281452467D+02    0.178789843695726D-02    0.121370818730427D+00    0.427325962436579D-08   -0.598326267269784D-13
  0.7500    0.629575887465072D+02    0.199883212456850D-02    0.125967576367142D+00    0.618272373186649D-08   -0.104503079531672D-12
  0.7500    0.585958917630974D+02    0.222573611813904D-02    0.130564334003856D+00    0.882674899761835D-08   -0.178892288061204D-12
  0.7500    0.546713682397949D+02    0.246919319958782D-02    0.135161091640570D+00    0.124458371804404D-07   -0.300554993538818D-12
  0.7500    0.511274590373178D+02    0.272978615083377D-02    0.139757849277284D+00    0.173464915892080D-07   -0.496208460832622D-12
  0.7500    0.479164643593549D+02    0.300809775379584D-02    0.144354606913998D+00    0.239160883182695D-07   -0.805931202575883D-12
  0.7500    0.449979292016543D+02    0.330471079039295D-02    0.148951364550712D+00    0.326404202721713D-07   -0.128903662933462D-11
  0.7500    0.423373619379246D+02    0.362020804254405D-02    0.153548122187427D+00    0.441242816191176D-07   -0.203219651964665D-11
  0.7500    0.399052097399024D+02    0.395517229216807D-02    0.158144879824141D+00    0.591154967833207D-07   -0.316055619540645D-11
  0.7500    0.376760336416316D+02    0.431018632118395D-02    0.162741637460855D+00    0.785328369998585D-07   -0.485279031151500D-11
  0.7500    0.356278399956617D+02    0.468583291151063D-02    0.167338395097569D+00    0.103498308936938D-06   -0.736130281641559D-11
  0.7500    0.337415353321078D+02    0.508269484506703D-02    0.171935152734283D+00    0.135374344072189D-06   -0.110390855512284D-10
  0.7500    0.320004792584777D+02    0.550135490377211D-02    0.176531910370997D+00    0.175806464538748D-06   -0.163751268972788D-10
  0.7500    0.303901157550435D+02    0.594239586954479D-02    0.181128668007712D+00    0.226772051200958D-06   -0.240407158305812D-10
  0.7500    0.288976675406433D+02    0.640640052430402D-02    0.185725425644426D+00    0.290635892801562D-06   -0.349495299594150D-10
  0.7500    0.275118814735496D+02    0.689395164996873D-02    0.190322183281140D+00    0.370213251997692D-06   -0.503350422288499D-10
  0.7500    0.262228154754548D+02    0.740563202845785D-02    0.194918940917854D+00    0.468841243364459D-06   -0.718495450247756D-10
  0.7500    0.250216594155799D+02    0.794202444169033D-02    0.199515698554568D+00    0.590459383371120D-06   -0.101689988943418D-09
  0.7500    0.239005839070607D+02    0.850371167158510D-02    0.204112456191282D+00    0.739700239353805D-06   -0.142756884603880D-09
  0.7500    0.228526121530064D+02    0.909127650006110D-02    0.208709213827997D+00    0.921991177046629D-06   -0.198853739265943D-09
  0.7500    0.218715109122837D+02    0.970530170903726D-02    0.213305971464711D+00    0.114366828273893D-05   -0.274935917008359D-09
  0.7500    0.209516973931313D+02    0.103463700804325D-01    0.217902729101425D+00    0.141210361759079D-05   -0.377419444838482D-09
  0.7500    0.200881594699063D+02    0.110150643961658D-01    0.222499486738139D+00    0.173584704821200D-05   -0.514562162048538D-09
  0.7500    0.192763870878429D+02    0.117119674381561D-01    0.227096244374853D+00    0.212478398967494D-05   -0.696931752835301D-09
  0.7500    0.185123130980702D+02    0.124376619883223D-01    0.231693002011567D+00    0.259031049505627D-05   -0.937977640788647D-09
  0.7500    0.177922620698220D+02    0.131927308285833D-01    0.236289759648281D+00    0.314552722980027D-05   -0.125472648817346D-08
  0.7500    0.171129058738915D+02    0.139777567408582D-01    0.240886517284996D+00    0.380545398013009D-05   -0.166862416449509D-08
  0.7500    0.164712250326686D+02    0.147933225070657D-01    0.245483274921710D+00    0.458735153714316D-05   -0.220655306733571D-08
  0.7500    0.158644749967360D+02    0.156400109091249D-01    0.250080032558424D+00    0.551055733012729D-05   -0.290203756344499D-08
  0.7500    0.152901566431997D+02    0.165184047289547D-01    0.254676790195138D+00    0.659762339599170D-05   -0.379672489915173D-08
  0.7500    0.147459904023734D+02    0.174290867484741D-01    0.259273547831852D+00    0.787378125688708D-05   -0.494209346188117D-08
  0.7500    0.142298935116401D+02    0.183726397496019D-01    0.263870305468566D+00    0.936771362880421D-05   -0.640152116671896D-08
  0.7500    0.137399599718728D+02    0.193496465142571D-01    0.268467063105281D+00    0.111118488894243D-04   -0.825271239124877D-08
  0.7500    0.132744428455736D+02    0.203606898243587D-01    0.273063820741995D+00    0.131432623360200D-04   -0.105905906060912D-07
  0.7500    0.128317385891998D+02    0.214063524618255D-01    0.277660578378709D+00    0.155017010702336D-04   -0.135304958299051D-07
  0.7500    0.124103731568488D+02    0.224872172085766D-01    0.282257336015423D+00    0.182349383780156D-04   -0.172124299617275D-07
  0.7500    0.120089896500672D+02    0.236038668465308D-01    0.286854093652137D+00    0.213944561760060D-04   -0.218053149557593D-07
  0.7500    0.116263373202658D+02    0.247568841576071D-01    0.291450851288851D+00    0.250384636833985D-04   -0.275124717948461D-07
  0.7500    0.112612617570487D+02    0.259468519237245D-01    0.296047608925566D+00    0.292320535006022D-04   -0.345777524787524D-07
  0.7500    0.109126961185271D+02    0.271743529268018D-01    0.300644366562280D+00    0.340478992994150D-04   -0.432926593708219D-07
  0.7500    0.105796532790433D+02    0.284399699487580D-01    0.305241124198994D+00    0.396109966270353D-04   -0.541222936671295D-07
  0.7500    0.102612187862406D+02    0.297442857715121D-01    0.309837881835708D+00    0.458795776743640D-04   -0.671260498192617D-07
  0.7500    0.995654453352525D+01    0.310878831769829D-01    0.314434639472422D+00    0.530858232788653D-04   -0.831458645681853D-07
  0.7500    0.966484306606283D+01    0.324713449470894D-01    0.319031397109136D+00    0.612970146547842D-04   -0.102641096524061D-06
  0.7500    0.938538244883880D+01    0.338952538637506D-01    0.323628154745851D+00    0.706364932133824D-04   -0.126291310754536D-06
  0.7500    0.911748163425688D+01    0.353601927088854D-01    0.328224912382565D+00    0.812408170955219D-04   -0.154894514679665D-06
  0.7500    0.886050627446791D+01    0.368667442644127D-01    0.332821670019279D+00    0.932609935918915D-04   -0.189385282540143D-06
  0.7500    0.861386493029378D+01    0.384154913122515D-01    0.337418427655993D+00    0.106863812847448D-03   -0.230855261487684D-06
  0.7500    0.837700563439494D+01    0.400070166343207D-01    0.342015185292707D+00    0.122233290614991D-03   -0.280576318270381D-06
  0.7500    0.814941277134985D+01    0.416419030125392D-01    0.346611942929421D+00    0.139572228463329D-03   -0.340026607010851D-06
  0.7500    0.793060424168402D+01    0.433207332288259D-01    0.351208700566136D+00    0.159103900550988D-03   -0.410919861112722D-06
  0.7500    0.772012888069288D+01    0.450440900650999D-01    0.355805458202850D+00    0.181073876872729D-03   -0.495238235821523D-06
  0.7500    0.751756410622854D+01    0.468125563032800D-01    0.360402215839564D+00    0.205751993742793D-03   -0.595269052324412D-06
  0.7500    0.732251377252897D+01    0.486267147252853D-01    0.364998973476278D+00    0.233438487959200D-03   -0.713830352647663D-06
  0.7500    0.713460620971801D+01    0.504871481130345D-01    0.369595731112992D+00    0.264446274764060D-03   -0.853393934207365D-06
  0.7500    0.695349243084261D+01    0.523944392484467D-01    0.374192488749706D+00    0.299143481895255D-03   -0.101798149038182D-05
  0.7500    0.677884449028218D+01    0.543491709134408D-01    0.378789246386421D+00    0.337916091558362D-03   -0.121137564694261D-05
  0.7500    0.661035397909859D+01    0.563519258899357D-01    0.383386004023135D+00    0.381190871067987D-03   -0.143810503878092D-05
  0.7500    0.644773064442497D+01    0.584032869598504D-01    0.387982761659849D+00    0.429434512855729D-03   -0.170332873410382D-05
  0.7500    0.629070112134312D+01    0.605038369051038D-01    0.392579519296563D+00    0.483157037547990D-03   -0.201291226914504D-05
  0.7500    0.613900776689501D+01    0.626541585076148D-01    0.397176276933277D+00    0.542915478790300D-03   -0.237351131308814D-05
  0.7500    0.599240758693444D+01    0.648548345493024D-01    0.401773034569991D+00    0.609317875921062D-03   -0.279266353643893D-05
  0.7500    0.585067124746509D+01    0.671064478120856D-01    0.406369792206705D+00    0.683027603782160D-03   -0.327888927284586D-05
  0.7500    0.571358216294781D+01    0.694095810778831D-01    0.410966549843420D+00    0.764768072660312D-03   -0.384180157634043D-05
  0.7500    0.558093565480387D+01    0.717648171286141D-01    0.415563307480134D+00    0.855327835680250D-03   -0.449222628148881D-05
  0.7500    0.545253817400437D+01    0.741727387461974D-01    0.420160065116848D+00    0.955566146048134D-03   -0.524233267088275D-05
  0.7500    0.532820658222751D+01    0.766339287125520D-01    0.424756822753562D+00    0.106641901251930D-02   -0.610577533992530D-05
  0.7500    0.520776748659465D+01    0.791489698095967D-01    0.429353580390276D+00    0.118890580853559D-02   -0.709784781933363D-05
  0.7500    0.509105662346873D+01    0.817184448192506D-01    0.433950338026990D+00    0.132413649886377D-02   -0.823564846615502D-05
  0.7500    0.497791828722289D+01    0.843429365234326D-01    0.438547095663705D+00    0.147331955757094D-02   -0.953825905780395D-05
  0.7500    0.486820480026665D+01    0.870230277040616D-01    0.443143853300419D+00    0.163777066313949D-02   -0.110269364115011D-04
  0.7500    0.476177602095873D+01    0.897593011430565D-01    0.447740610937133D+00    0.181892227090678D-02   -0.127253171910648D-04
  0.7500    0.465849888634197D+01    0.925523396223363D-01    0.452337368573847D+00    0.201833418036694D-02   -0.146596358369006D-04
  0.7500    0.455824698691203D+01    0.954027259238199D-01    0.456934126210561D+00    0.223770523589325D-02   -0.168589552389389D-04
  0.7500    0.446090017088013D+01    0.983110428294263D-01    0.461530883847275D+00    0.247888632501810D-02   -0.193554093319498D-04
  0.7500    0.436634417561456D+01    0.101277873121074D+00    0.466127641483990D+00    0.274389486965261D-02   -0.221844561794425D-04
  0.7500    0.427447028414772D+01    0.104303799580683D+00    0.470724399120704D+00    0.303493104397633D-02   -0.253851392567494D-04
  0.7500    0.418517500481914D+01    0.107389404990171D+00    0.475321156757418D+00    0.335439599998961D-02   -0.290003534460433D-04
  0.7500    0.409835977228978D+01    0.110535272131458D+00    0.479917914394132D+00    0.370491244025082D-02   -0.330771105717156D-04
  0.7500    0.401393066831336D+01    0.113741983786462D+00    0.484514672030846D+00    0.408969465838038D-02   -0.376668296727498D-04
  0.7500    0.393179816078605D+01    0.117010122737103D+00    0.489111429667560D+00    0.451084159298298D-02   -0.428254118400585D-04
  0.7500    0.385187685971933D+01    0.120340271765299D+00    0.493708187304275D+00    0.497283438594184D-02   -0.486137715727459D-04
  0.7500    0.377408528889269D+01    0.123733013652969D+00    0.498304944940989D+00    0.547910441874324D-02   -0.550976557598707D-04
  0.7500    0.369834567204483D+01    0.127188931182033D+00    0.502901702577703D+00    0.603380756130286D-02   -0.623478637697872D-04
  0.7500    0.362458373255432D+01    0.130708607134408D+00    0.507498460214417D+00    0.664152494040503D-02   -0.704401336842844D-04
  0.7500    0.355272850564539D+01    0.134292624292015D+00    0.512095217851131D+00    0.730731866701457D-02   -0.794548554703630D-04
  0.7500    0.348271216223107D+01    0.137941565436771D+00    0.516691975487845D+00    0.803679768507738D-02   -0.894764788157805D-04
  0.7500    0.341446984357622D+01    0.141656013350597D+00    0.521288733124559D+00    0.883619611914937D-02   -0.100592470316931D-03
  0.7500    0.334793950602695D+01    0.145436550815410D+00    0.525885490761274D+00    0.971246716216671D-02   -0.112891606925863D-03
  0.7500    0.328306177511144D+01    0.149283760613130D+00    0.530482248397988D+00    0.106733964144449D-01   -0.126461291741519D-03
  0.7500    0.321977980837054D+01    0.153198225525676D+00    0.535079006034702D+00    0.117277397534234D-01   -0.141383427508361D-03
  0.7500    0.315803916632573D+01    0.157180528334967D+00    0.539675763671416D+00    0.128853923500274D-01   -0.157728156684638D-03
