  0.8500    0.156204663377853D+03    0.512000000000000D-03    0.800000000000000D-01    0.674303370730869D-10   -0.153224112761972D-15
  0.8500    0.138353977822348D+03    0.614165965682091D-03    0.850018899548440D-01    0.123399895710093D-09   -0.380850256268009D-15
  0.8500    0.123395413242812D+03    0.729091855663154D-03    0.900037799096879D-01    0.218110439498111D-09   -0.898590742307160D-15
  0.8500    0.110736256093234D+03    0.857528520744381D-03    0.950056698645319D-01    0.373742874516962D-09   -0.202391158320105D-14
  0.8500    0.999282030917959D+02    0.100022681172697D-02    0.100007559819376D+00    0.622852894570676D-09   -0.437227511815378D-14
  0.8500    0.906271087885077D+02    0.115793757941211D-02    0.105009449774220D+00    0.101226330858215D-08   -0.909644613865997D-14
  0.8500    0.825652397976790D+02    0.133141167460099D-02    0.110011339729064D+00    0.160809494624849D-08   -0.182894011004732D-13
  0.8500    0.755317840488423D+02    0.152139994809482D-02    0.115013229683908D+00    0.250218616494278D-08   -0.356453836834966D-13
  0.8500    0.693589229358702D+02    0.172865325069478D-02    0.120015119638752D+00    0.382018735166041D-08   -0.675192704610050D-13
  0.8500    0.639117231344255D+02    0.195392243320207D-02    0.125017009593596D+00    0.573165887278024D-08   -0.124588174133073D-12
  0.8500    0.590806961784940D+02    0.219795834641788D-02    0.130018899548440D+00    0.846254565970432D-08   -0.224406822357473D-12
  0.8500    0.547762504568396D+02    0.246151184114341D-02    0.135020789503284D+00    0.123104503656509D-07   -0.395266871231105D-12
  0.8500    0.509245048852761D+02    0.274533376817984D-02    0.140022679458127D+00    0.176631796833000D-07   -0.681928715537570D-12
  0.8500    0.474640952813679D+02    0.305017497832839D-02    0.145024569412971D+00    0.250210951679408D-07   -0.115400320238665D-11
  0.8500    0.443437132519090D+02    0.337678632239023D-02    0.150026459367815D+00    0.350238609426742D-07   -0.191803275538221D-11
  0.8500    0.415201916843606D+02    0.372591865116656D-02    0.155028349322659D+00    0.484822461577306D-07   -0.313467203131645D-11
  0.8500    0.389570023780132D+02    0.409832281545858D-02    0.160030239277503D+00    0.664157102341668D-07   -0.504281536514721D-11
  0.8500    0.366230674507060D+02    0.449474966606747D-02    0.165032129232347D+00    0.900965739532388D-07   -0.799308297579145D-11
  0.8500    0.344918118008775D+02    0.491595005379445D-02    0.170034019187191D+00    0.121101659577122D-06   -0.124937846507824D-10
  0.8500    0.325404023299441D+02    0.536267482944069D-02    0.175035909142035D+00    0.161372368696368D-06   -0.192733565573949D-10
  0.8500    0.307491330104292D+02    0.583567484380739D-02    0.180037799096879D+00    0.213284257403297D-06   -0.293643461260606D-10
  0.8500    0.291009246997081D+02    0.633570094769574D-02    0.185039689051723D+00    0.279727265619531D-06   -0.442153381885969D-10
  0.8500    0.275809158658846D+02    0.686350399190695D-02    0.190041579006567D+00    0.364197860087458D-06   -0.658388139350763D-10
  0.8500    0.261761258202777D+02    0.741983482724220D-02    0.195043468961411D+00    0.470904460368564D-06   -0.970048590431897D-10
  0.8500    0.248751761393737D+02    0.800544430450268D-02    0.200045358916255D+00    0.604887633338665D-06   -0.141492940020696D-09
  0.8500    0.236680590627850D+02    0.862108327448960D-02    0.205047248871099D+00    0.772156665136077D-06   -0.204416705489792D-09
  0.8500    0.225459440274780D+02    0.926750258800414D-02    0.210049138825943D+00    0.979844250416620D-06   -0.292640004740678D-09
  0.8500    0.215010153267986D+02    0.994545309584751D-02    0.215051028780787D+00    0.123638117754498D-05   -0.415306118375129D-09
  0.8500    0.205263353003996D+02    0.106556856488209D-01    0.220052918735631D+00    0.155169303538800D-05   -0.584506640499374D-09
  0.8500    0.196157285673104D+02    0.113989510977255D-01    0.225054808690475D+00    0.193742112311509D-05   -0.816121620418967D-09
  0.8500    0.187636836827300D+02    0.121760002933624D-01    0.230056698645319D+00    0.240716990929302D-05   -0.113086855243806D-08
  0.8500    0.179652692847153D+02    0.129875840865330D-01    0.235058588600163D+00    0.297678356105375D-05   -0.155560469017372D-08
  0.8500    0.172160623412128D+02    0.138344533280384D-01    0.240060478555007D+00    0.366465424872344D-05   -0.212493505854744D-08
  0.8500    0.165120865422361D+02    0.147173588686797D-01    0.245062368509851D+00    0.449207844858874D-05   -0.288325172823800D-08
  0.8500    0.158497592303596D+02    0.156370515592583D-01    0.250064258464694D+00    0.548357109641719D-05   -0.388682674542679D-08
  0.8500    0.152258455434391D+02    0.165942822505751D-01    0.255066148419538D+00    0.666742068014282D-05   -0.520738967810158D-08
  0.8500    0.146374186707514D+02    0.175898017934316D-01    0.260068038374382D+00    0.807602255532797D-05   -0.693503989212198D-08
  0.8500    0.140818253085514D+02    0.186243610386288D-01    0.265069928329226D+00    0.974646055458934D-05   -0.918285078976261D-08
  0.8500    0.135566555519555D+02    0.196987108369680D-01    0.270071818284070D+00    0.117210611839797D-04   -0.120919457718616D-07
  0.8500    0.130597165837755D+02    0.208136020392503D-01    0.275073708238914D+00    0.140480179883602D-04   -0.158376410173746D-07
  0.8500    0.125890096227642D+02    0.219697854962770D-01    0.280075598193758D+00    0.167820773778014D-04   -0.206367571765215D-07
  0.8500    0.121427096778484D+02    0.231680120588492D-01    0.285077488148602D+00    0.199852908313654D-04   -0.267562888825467D-07
  0.8500    0.117191477246782D+02    0.244090325777681D-01    0.290079378103446D+00    0.237278387135462D-04   -0.345236459864675D-07
  0.8500    0.113167949788419D+02    0.256935979038349D-01    0.295081268058290D+00    0.280889312750361D-04   -0.443387079458903D-07
  0.8500    0.109342489885354D+02    0.270224588878509D-01    0.300083158013134D+00    0.331577927643437D-04   -0.566879630127651D-07
  0.8500    0.105702213100358D+02    0.283963663806171D-01    0.305085047967978D+00    0.390347349510433D-04   -0.721610369237180D-07
  0.8500    0.102235265634013D+02    0.298160712329349D-01    0.310086937922822D+00    0.458323267562704D-04   -0.914699518542865D-07
  0.8500    0.989307269453051D+01    0.312823242956054D-01    0.315088827877666D+00    0.536766671026111D-04   -0.115471495601627D-06
  0.8500    0.957785229396704D+01    0.327958764194297D-01    0.320090717832510D+00    0.627087685351343D-04   -0.145193123445555D-06
  0.8500    0.927693484339564D+01    0.343574784552092D-01    0.325092607787354D+00    0.730860596295729D-04   -0.181862861026749D-06
  0.8500    0.898945977823628D+01    0.359678812537449D-01    0.330094497742198D+00    0.849840146940961D-04   -0.226943725975269D-06
  0.8500    0.871463026962213D+01    0.376278356658381D-01    0.335096387697042D+00    0.985979197899486D-04   -0.282173238998546D-06
  0.8500    0.845170764175234D+01    0.393380925422900D-01    0.340098277651886D+00    0.114144784645519D-03   -0.349608651738470D-06
  0.8500    0.820000635148853D+01    0.410994027339017D-01    0.345100167606730D+00    0.131865410621141D-03   -0.431678578934073D-06
  0.8500    0.795888946639874D+01    0.429125170914745D-01    0.350102057561574D+00    0.152026625501216D-03   -0.531241786231325D-06
  0.8500    0.772776458548229D+01    0.447781864658095D-01    0.355103947516417D+00    0.174923696548394D-03   -0.651653952232411D-06
  0.8500    0.750608015373119D+01    0.466971617077079D-01    0.360105837471261D+00    0.200882933964737D-03   -0.796843293971513D-06
  0.8500    0.729332212766400D+01    0.486701936679711D-01    0.365107727426105D+00    0.230264497649704D-03   -0.971396018425464D-06
  0.8500    0.708901095414593D+01    0.506980331974000D-01    0.370109617380949D+00    0.263465420972048D-03   -0.118065263893223D-05
  0.8500    0.689269882930113D+01    0.527814311467960D-01    0.375111507335793D+00    0.300922866142488D-03   -0.143081627348003D-05
  0.8500    0.670396720822772D+01    0.549211383669602D-01    0.380113397290637D+00    0.343117626737505D-03   -0.172907412147243D-05
  0.8500    0.652242453962766D+01    0.571179057086937D-01    0.385115287245481D+00    0.390577893972238D-03   -0.208373339566914D-05
  0.8500    0.634770420243085D+01    0.593724840227979D-01    0.390117177200325D+00    0.443883304477843D-03   -0.250437306555591D-05
  0.8500    0.617946262408790D+01    0.616856241600739D-01    0.395119067155169D+00    0.503669288624057D-03   -0.300201284605244D-05
  0.8500    0.601737756247819D+01    0.640580769713229D-01    0.400120957110013D+00    0.570631739868665D-03   -0.358930093961130D-05
  0.8500    0.586114653537303D+01    0.664905933073461D-01    0.405122847064857D+00    0.645532027243397D-03   -0.428072210842273D-05
  0.8500    0.571048538314612D+01    0.689839240189447D-01    0.410124737019701D+00    0.729202374942069D-03   -0.509282771428202D-05
  0.8500    0.556512695196522D+01    0.715388199569198D-01    0.415126626974545D+00    0.822551635113595D-03   -0.604448941391265D-05
  0.8500    0.542481988605868D+01    0.741560319720727D-01    0.420128516929389D+00    0.926571482441553D-03   -0.715717823386324D-05
  0.8500    0.528932751885103D+01    0.768363109152046D-01    0.425130406884233D+00    0.104234306199774D-02   -0.845527076767716D-05
  0.8500    0.515842685382373D+01    0.795804076371166D-01    0.430132296839077D+00    0.117108271963960D-02   -0.997079184181551D-05
  0.8500    0.503190762689760D+01    0.823890729886100D-01    0.435134186793921D+00    0.131395669348688D-02   -0.117217421056861D-04
  0.8500    0.490957144296751D+01    0.852630578204859D-01    0.440136076748765D+00    0.147247529177907D-02   -0.137565719460692D-04
  0.8500    0.479123097996116D+01    0.882031129835456D-01    0.445137966703609D+00    0.164811580459519D-02   -0.161105370013991D-04
  0.8500    0.467670925445271D+01    0.912099893285902D-01    0.450139856658453D+00    0.184252500877326D-02   -0.188282029216469D-04
  0.8500    0.456583894344918D+01    0.942844377064209D-01    0.455141746613297D+00    0.205749085041689D-02   -0.219595407881349D-04
  0.8500    0.445846175749118D+01    0.974272089678390D-01    0.460143636568141D+00    0.229495354202959D-02   -0.255604673366622D-04
  0.8500    0.435442786067712D+01    0.100639053963646D+00    0.465145526522985D+00    0.255756022041970D-02   -0.296939918774277D-04
  0.8500    0.425359533363819D+01    0.103920723544642D+00    0.470147416477828D+00    0.284596471754929D-02   -0.344279871814175D-04
  0.8500    0.415582967586577D+01    0.107272968561629D+00    0.475149306432672D+00    0.316426823392545D-02   -0.398415322415004D-04
  0.8500    0.406100334412846D+01    0.110696539865408D+00    0.480151196387516D+00    0.351460829603521D-02   -0.460199116953791D-04
  0.8500    0.396899532401719D+01    0.114192188306781D+00    0.485153086342360D+00    0.389988895371088D-02   -0.530581838564474D-04
  0.8500    0.387969073192723D+01    0.117760664736548D+00    0.490154976297204D+00    0.432325678006852D-02   -0.610613658265504D-04
  0.8500    0.379298044502943D+01    0.121402720005511D+00    0.495156866252048D+00    0.478812150472025D-02   -0.701452140834118D-04
  0.8500    0.370876075700227D+01    0.125119104964470D+00    0.500158756206892D+00    0.529817897105210D-02   -0.804370255772210D-04
  0.8500    0.362693305749358D+01    0.128910570464228D+00    0.505160646161736D+00    0.586005022527105D-02   -0.920820786513304D-04
  0.8500    0.354740353345950D+01    0.132777867355585D+00    0.510162536116580D+00    0.647024358131366D-02   -0.105216312453775D-03
  0.8500    0.347008289068877D+01    0.136721746489342D+00    0.515164426071424D+00    0.714132138379533D-02   -0.120023403976053D-03
  0.8500    0.339488609396668D+01    0.140742958716301D+00    0.520166316026268D+00    0.787580388191833D-02   -0.136679270443927D-03
  0.8500    0.332173212446443D+01    0.144842254887263D+00    0.525168205981112D+00    0.867927970946107D-02   -0.155380928269980D-03
  0.8500    0.325054375305916D+01    0.149020385853029D+00    0.530170095935956D+00    0.955784327905481D-02   -0.176341504704218D-03
  0.8500    0.318124732839857D+01    0.153278102464400D+00    0.535171985890800D+00    0.105181545291414D-01   -0.199790750799031D-03
  0.8500    0.311377257862188D+01    0.157616155572178D+00    0.540173875845644D+00    0.115774792971874D-01   -0.226012326416575D-03
  0.8500    0.304805242573883D+01    0.162035296027163D+00    0.545175765800488D+00    0.127139275454475D-01   -0.255159075761166D-03
  0.8500    0.298402281174915D+01    0.166536274680157D+00    0.550177655755332D+00    0.139662504843988D-01   -0.287622263160879D-03
  0.8500    0.292162253565939D+01    0.171119842381961D+00    0.555179545710176D+00    0.153342730661393D-01   -0.323661096509719D-03
  0.8500    0.286079310062102D+01    0.175786749983376D+00    0.560181435665020D+00    0.168288973092352D-01   -0.363585744717381D-03
  0.8500    0.280147857047551D+01    0.180537748335204D+00    0.565183325619864D+00    0.184623283386888D-01   -0.407717306511914D-03
  0.8500    0.274362543504787D+01    0.185373588288245D+00    0.570185215574708D+00    0.202483212889347D-01   -0.456382725553456D-03
  0.8500    0.268718248358156D+01    0.190295020693301D+00    0.575187105529552D+00    0.222024965043541D-01   -0.509906529881493D-03
  0.8500    0.263210068575458D+01    0.195302796401173D+00    0.580188995484395D+00    0.243427463630269D-01   -0.568597517055830D-03
